{
 "cells": [
  {
   "cell_type": "markdown",
   "metadata": {},
   "source": [
    "# Chat GPT-4 experiment"
   ]
  },
  {
   "cell_type": "code",
   "execution_count": 13,
   "metadata": {},
   "outputs": [],
   "source": [
    "import openai\n",
    "import numpy as np\n",
    "from sklearn.metrics.pairwise import cosine_similarity\n",
    "import os\n",
    "import pandas as pd"
   ]
  },
  {
   "cell_type": "code",
   "execution_count": 3,
   "metadata": {},
   "outputs": [],
   "source": [
    "OPENAI_API_KEY = input(\"Please enter your API key: \")"
   ]
  },
  {
   "cell_type": "code",
   "execution_count": 32,
   "metadata": {},
   "outputs": [],
   "source": [
    "os.environ[\"OPENAI_API_KEY\"] = OPENAI_API_KEY\n",
    "client = openai.OpenAI()\n",
    "\n",
    "# Fetch embeddings\n",
    "def fetch_embeddings(items, model=\"text-embedding-3-large\"):\n",
    "    embeddings = []\n",
    "    for item in items:\n",
    "        response = client.embeddings.create(\n",
    "            input=item,\n",
    "            model=\"text-embedding-ada-002\"  # Choose the appropriate model\n",
    "        )\n",
    "        response = client.embeddings.create(input = [item], model=model)\n",
    "        embeddings.append(response.data[0].embedding)\n",
    "    return np.array(embeddings)\n",
    "\n",
    "# Compute similarity matrix\n",
    "def compute_similarity_matrix(embeddings):\n",
    "    return cosine_similarity(embeddings)"
   ]
  },
  {
   "cell_type": "code",
   "execution_count": 33,
   "metadata": {},
   "outputs": [
    {
     "data": {
      "text/html": [
       "<div>\n",
       "<style scoped>\n",
       "    .dataframe tbody tr th:only-of-type {\n",
       "        vertical-align: middle;\n",
       "    }\n",
       "\n",
       "    .dataframe tbody tr th {\n",
       "        vertical-align: top;\n",
       "    }\n",
       "\n",
       "    .dataframe thead th {\n",
       "        text-align: right;\n",
       "    }\n",
       "</style>\n",
       "<table border=\"1\" class=\"dataframe\">\n",
       "  <thead>\n",
       "    <tr style=\"text-align: right;\">\n",
       "      <th></th>\n",
       "      <th>Android SDK</th>\n",
       "      <th>Android Studio</th>\n",
       "      <th>Android Jetpack</th>\n",
       "      <th>Jetpack Compose</th>\n",
       "      <th>Kotlin</th>\n",
       "      <th>Gradle</th>\n",
       "      <th>Android Robot RC</th>\n",
       "    </tr>\n",
       "  </thead>\n",
       "  <tbody>\n",
       "    <tr>\n",
       "      <th>Android SDK</th>\n",
       "      <td>1.000000</td>\n",
       "      <td>0.693357</td>\n",
       "      <td>0.538018</td>\n",
       "      <td>0.366740</td>\n",
       "      <td>0.364754</td>\n",
       "      <td>0.454617</td>\n",
       "      <td>0.511184</td>\n",
       "    </tr>\n",
       "    <tr>\n",
       "      <th>Android Studio</th>\n",
       "      <td>0.693357</td>\n",
       "      <td>1.000000</td>\n",
       "      <td>0.644776</td>\n",
       "      <td>0.467972</td>\n",
       "      <td>0.514206</td>\n",
       "      <td>0.512046</td>\n",
       "      <td>0.517891</td>\n",
       "    </tr>\n",
       "    <tr>\n",
       "      <th>Android Jetpack</th>\n",
       "      <td>0.538018</td>\n",
       "      <td>0.644776</td>\n",
       "      <td>1.000000</td>\n",
       "      <td>0.701687</td>\n",
       "      <td>0.528715</td>\n",
       "      <td>0.410506</td>\n",
       "      <td>0.461219</td>\n",
       "    </tr>\n",
       "    <tr>\n",
       "      <th>Jetpack Compose</th>\n",
       "      <td>0.366740</td>\n",
       "      <td>0.467972</td>\n",
       "      <td>0.701687</td>\n",
       "      <td>1.000000</td>\n",
       "      <td>0.537101</td>\n",
       "      <td>0.375951</td>\n",
       "      <td>0.342476</td>\n",
       "    </tr>\n",
       "    <tr>\n",
       "      <th>Kotlin</th>\n",
       "      <td>0.364754</td>\n",
       "      <td>0.514206</td>\n",
       "      <td>0.528715</td>\n",
       "      <td>0.537101</td>\n",
       "      <td>1.000000</td>\n",
       "      <td>0.460902</td>\n",
       "      <td>0.304362</td>\n",
       "    </tr>\n",
       "    <tr>\n",
       "      <th>Gradle</th>\n",
       "      <td>0.454617</td>\n",
       "      <td>0.512046</td>\n",
       "      <td>0.410506</td>\n",
       "      <td>0.375951</td>\n",
       "      <td>0.460902</td>\n",
       "      <td>1.000000</td>\n",
       "      <td>0.313455</td>\n",
       "    </tr>\n",
       "    <tr>\n",
       "      <th>Android Robot RC</th>\n",
       "      <td>0.511184</td>\n",
       "      <td>0.517891</td>\n",
       "      <td>0.461219</td>\n",
       "      <td>0.342476</td>\n",
       "      <td>0.304362</td>\n",
       "      <td>0.313455</td>\n",
       "      <td>1.000000</td>\n",
       "    </tr>\n",
       "  </tbody>\n",
       "</table>\n",
       "</div>"
      ],
      "text/plain": [
       "                  Android SDK  Android Studio  Android Jetpack  \\\n",
       "Android SDK          1.000000        0.693357         0.538018   \n",
       "Android Studio       0.693357        1.000000         0.644776   \n",
       "Android Jetpack      0.538018        0.644776         1.000000   \n",
       "Jetpack Compose      0.366740        0.467972         0.701687   \n",
       "Kotlin               0.364754        0.514206         0.528715   \n",
       "Gradle               0.454617        0.512046         0.410506   \n",
       "Android Robot RC     0.511184        0.517891         0.461219   \n",
       "\n",
       "                  Jetpack Compose    Kotlin    Gradle  Android Robot RC  \n",
       "Android SDK              0.366740  0.364754  0.454617          0.511184  \n",
       "Android Studio           0.467972  0.514206  0.512046          0.517891  \n",
       "Android Jetpack          0.701687  0.528715  0.410506          0.461219  \n",
       "Jetpack Compose          1.000000  0.537101  0.375951          0.342476  \n",
       "Kotlin                   0.537101  1.000000  0.460902          0.304362  \n",
       "Gradle                   0.375951  0.460902  1.000000          0.313455  \n",
       "Android Robot RC         0.342476  0.304362  0.313455          1.000000  "
      ]
     },
     "execution_count": 33,
     "metadata": {},
     "output_type": "execute_result"
    }
   ],
   "source": [
    "skills = [\"Android SDK\", \"Android Studio\", \"Android Jetpack\", \"Jetpack Compose\", \"Kotlin\", \"Gradle\", \"Android Robot RC\"]\n",
    "embeddings = fetch_embeddings(skills)\n",
    "similarity_matrix = compute_similarity_matrix(embeddings)\n",
    "similarity_df = pd.DataFrame(similarity_matrix, index=skills, columns=skills)\n",
    "similarity_df"
   ]
  },
  {
   "cell_type": "code",
   "execution_count": 45,
   "metadata": {},
   "outputs": [],
   "source": [
    "waiter_skills = [\"Order Taking\", \"Customer Service\", \"Table Setting\", \"Menu Knowledge\", \"Payment Processing\"]\n",
    "cook_skills = [\"Food Preparation\", \"Grilling\", \"Baking\", \"Food Safety\", \"Recipe Knowledge\"]"
   ]
  },
  {
   "cell_type": "code",
   "execution_count": 46,
   "metadata": {},
   "outputs": [
    {
     "data": {
      "text/html": [
       "<div>\n",
       "<style scoped>\n",
       "    .dataframe tbody tr th:only-of-type {\n",
       "        vertical-align: middle;\n",
       "    }\n",
       "\n",
       "    .dataframe tbody tr th {\n",
       "        vertical-align: top;\n",
       "    }\n",
       "\n",
       "    .dataframe thead th {\n",
       "        text-align: right;\n",
       "    }\n",
       "</style>\n",
       "<table border=\"1\" class=\"dataframe\">\n",
       "  <thead>\n",
       "    <tr style=\"text-align: right;\">\n",
       "      <th></th>\n",
       "      <th>Order Taking</th>\n",
       "      <th>Customer Service</th>\n",
       "      <th>Table Setting</th>\n",
       "      <th>Menu Knowledge</th>\n",
       "      <th>Payment Processing</th>\n",
       "    </tr>\n",
       "  </thead>\n",
       "  <tbody>\n",
       "    <tr>\n",
       "      <th>Order Taking</th>\n",
       "      <td>1.000000</td>\n",
       "      <td>0.374078</td>\n",
       "      <td>0.352815</td>\n",
       "      <td>0.327086</td>\n",
       "      <td>0.495276</td>\n",
       "    </tr>\n",
       "    <tr>\n",
       "      <th>Customer Service</th>\n",
       "      <td>0.374078</td>\n",
       "      <td>1.000000</td>\n",
       "      <td>0.282710</td>\n",
       "      <td>0.354547</td>\n",
       "      <td>0.399284</td>\n",
       "    </tr>\n",
       "    <tr>\n",
       "      <th>Table Setting</th>\n",
       "      <td>0.352815</td>\n",
       "      <td>0.282710</td>\n",
       "      <td>1.000000</td>\n",
       "      <td>0.398977</td>\n",
       "      <td>0.281230</td>\n",
       "    </tr>\n",
       "    <tr>\n",
       "      <th>Menu Knowledge</th>\n",
       "      <td>0.327086</td>\n",
       "      <td>0.354547</td>\n",
       "      <td>0.398977</td>\n",
       "      <td>1.000000</td>\n",
       "      <td>0.273993</td>\n",
       "    </tr>\n",
       "    <tr>\n",
       "      <th>Payment Processing</th>\n",
       "      <td>0.495276</td>\n",
       "      <td>0.399284</td>\n",
       "      <td>0.281230</td>\n",
       "      <td>0.273993</td>\n",
       "      <td>1.000000</td>\n",
       "    </tr>\n",
       "  </tbody>\n",
       "</table>\n",
       "</div>"
      ],
      "text/plain": [
       "                    Order Taking  Customer Service  Table Setting  \\\n",
       "Order Taking            1.000000          0.374078       0.352815   \n",
       "Customer Service        0.374078          1.000000       0.282710   \n",
       "Table Setting           0.352815          0.282710       1.000000   \n",
       "Menu Knowledge          0.327086          0.354547       0.398977   \n",
       "Payment Processing      0.495276          0.399284       0.281230   \n",
       "\n",
       "                    Menu Knowledge  Payment Processing  \n",
       "Order Taking              0.327086            0.495276  \n",
       "Customer Service          0.354547            0.399284  \n",
       "Table Setting             0.398977            0.281230  \n",
       "Menu Knowledge            1.000000            0.273993  \n",
       "Payment Processing        0.273993            1.000000  "
      ]
     },
     "execution_count": 46,
     "metadata": {},
     "output_type": "execute_result"
    }
   ],
   "source": [
    "waiter_embeddings = fetch_embeddings(waiter_skills)\n",
    "waiter_similarity_matrix = compute_similarity_matrix(waiter_embeddings)\n",
    "waiter_similarity_df = pd.DataFrame(waiter_similarity_matrix, index=waiter_skills, columns=waiter_skills)\n",
    "waiter_similarity_df"
   ]
  },
  {
   "cell_type": "code",
   "execution_count": 47,
   "metadata": {},
   "outputs": [
    {
     "data": {
      "text/html": [
       "<div>\n",
       "<style scoped>\n",
       "    .dataframe tbody tr th:only-of-type {\n",
       "        vertical-align: middle;\n",
       "    }\n",
       "\n",
       "    .dataframe tbody tr th {\n",
       "        vertical-align: top;\n",
       "    }\n",
       "\n",
       "    .dataframe thead th {\n",
       "        text-align: right;\n",
       "    }\n",
       "</style>\n",
       "<table border=\"1\" class=\"dataframe\">\n",
       "  <thead>\n",
       "    <tr style=\"text-align: right;\">\n",
       "      <th></th>\n",
       "      <th>Food Preparation</th>\n",
       "      <th>Grilling</th>\n",
       "      <th>Baking</th>\n",
       "      <th>Food Safety</th>\n",
       "      <th>Recipe Knowledge</th>\n",
       "    </tr>\n",
       "  </thead>\n",
       "  <tbody>\n",
       "    <tr>\n",
       "      <th>Food Preparation</th>\n",
       "      <td>1.000000</td>\n",
       "      <td>0.374078</td>\n",
       "      <td>0.352815</td>\n",
       "      <td>0.327086</td>\n",
       "      <td>0.495276</td>\n",
       "    </tr>\n",
       "    <tr>\n",
       "      <th>Grilling</th>\n",
       "      <td>0.374078</td>\n",
       "      <td>1.000000</td>\n",
       "      <td>0.282710</td>\n",
       "      <td>0.354547</td>\n",
       "      <td>0.399284</td>\n",
       "    </tr>\n",
       "    <tr>\n",
       "      <th>Baking</th>\n",
       "      <td>0.352815</td>\n",
       "      <td>0.282710</td>\n",
       "      <td>1.000000</td>\n",
       "      <td>0.398977</td>\n",
       "      <td>0.281230</td>\n",
       "    </tr>\n",
       "    <tr>\n",
       "      <th>Food Safety</th>\n",
       "      <td>0.327086</td>\n",
       "      <td>0.354547</td>\n",
       "      <td>0.398977</td>\n",
       "      <td>1.000000</td>\n",
       "      <td>0.273993</td>\n",
       "    </tr>\n",
       "    <tr>\n",
       "      <th>Recipe Knowledge</th>\n",
       "      <td>0.495276</td>\n",
       "      <td>0.399284</td>\n",
       "      <td>0.281230</td>\n",
       "      <td>0.273993</td>\n",
       "      <td>1.000000</td>\n",
       "    </tr>\n",
       "  </tbody>\n",
       "</table>\n",
       "</div>"
      ],
      "text/plain": [
       "                  Food Preparation  Grilling    Baking  Food Safety  \\\n",
       "Food Preparation          1.000000  0.374078  0.352815     0.327086   \n",
       "Grilling                  0.374078  1.000000  0.282710     0.354547   \n",
       "Baking                    0.352815  0.282710  1.000000     0.398977   \n",
       "Food Safety               0.327086  0.354547  0.398977     1.000000   \n",
       "Recipe Knowledge          0.495276  0.399284  0.281230     0.273993   \n",
       "\n",
       "                  Recipe Knowledge  \n",
       "Food Preparation          0.495276  \n",
       "Grilling                  0.399284  \n",
       "Baking                    0.281230  \n",
       "Food Safety               0.273993  \n",
       "Recipe Knowledge          1.000000  "
      ]
     },
     "execution_count": 47,
     "metadata": {},
     "output_type": "execute_result"
    }
   ],
   "source": [
    "cook_embeddings = fetch_embeddings(cook_skills)\n",
    "cook_similarity_matrix = compute_similarity_matrix(cook_embeddings)\n",
    "cook_similarity_df = pd.DataFrame(waiter_similarity_matrix, index=cook_skills, columns=cook_skills)\n",
    "cook_similarity_df"
   ]
  },
  {
   "cell_type": "code",
   "execution_count": 53,
   "metadata": {},
   "outputs": [],
   "source": [
    "waiter_skills_fr = [\"Prise de commande\", \"Service à la clientèle\", \"Dressage de la table\", \"Connaissance des menus\", \"Traitement des paiements\"]\n",
    "cook_skills_fr = [\"Préparation des aliments\", \"grillades\", \"pâtisserie\", \"sécurité alimentaire\", \"connaissance des recettes\"]"
   ]
  },
  {
   "cell_type": "code",
   "execution_count": 49,
   "metadata": {},
   "outputs": [
    {
     "data": {
      "text/html": [
       "<div>\n",
       "<style scoped>\n",
       "    .dataframe tbody tr th:only-of-type {\n",
       "        vertical-align: middle;\n",
       "    }\n",
       "\n",
       "    .dataframe tbody tr th {\n",
       "        vertical-align: top;\n",
       "    }\n",
       "\n",
       "    .dataframe thead th {\n",
       "        text-align: right;\n",
       "    }\n",
       "</style>\n",
       "<table border=\"1\" class=\"dataframe\">\n",
       "  <thead>\n",
       "    <tr style=\"text-align: right;\">\n",
       "      <th></th>\n",
       "      <th>Order Taking</th>\n",
       "      <th>Customer Service</th>\n",
       "      <th>Table Setting</th>\n",
       "      <th>Menu Knowledge</th>\n",
       "      <th>Payment Processing</th>\n",
       "      <th>Prise de commande</th>\n",
       "      <th>Service à la clientèle</th>\n",
       "      <th>Dressage de la table</th>\n",
       "      <th>Connaissance des menus</th>\n",
       "      <th>Traitement des paiements</th>\n",
       "    </tr>\n",
       "  </thead>\n",
       "  <tbody>\n",
       "    <tr>\n",
       "      <th>Order Taking</th>\n",
       "      <td>1.000000</td>\n",
       "      <td>0.374106</td>\n",
       "      <td>0.352848</td>\n",
       "      <td>0.327098</td>\n",
       "      <td>0.495323</td>\n",
       "      <td>0.578902</td>\n",
       "      <td>0.256304</td>\n",
       "      <td>0.244786</td>\n",
       "      <td>0.260969</td>\n",
       "      <td>0.300437</td>\n",
       "    </tr>\n",
       "    <tr>\n",
       "      <th>Customer Service</th>\n",
       "      <td>0.374106</td>\n",
       "      <td>1.000000</td>\n",
       "      <td>0.282710</td>\n",
       "      <td>0.354547</td>\n",
       "      <td>0.399284</td>\n",
       "      <td>0.384069</td>\n",
       "      <td>0.687007</td>\n",
       "      <td>0.199000</td>\n",
       "      <td>0.246542</td>\n",
       "      <td>0.235142</td>\n",
       "    </tr>\n",
       "    <tr>\n",
       "      <th>Table Setting</th>\n",
       "      <td>0.352848</td>\n",
       "      <td>0.282710</td>\n",
       "      <td>1.000000</td>\n",
       "      <td>0.398977</td>\n",
       "      <td>0.281230</td>\n",
       "      <td>0.274963</td>\n",
       "      <td>0.221685</td>\n",
       "      <td>0.616788</td>\n",
       "      <td>0.360429</td>\n",
       "      <td>0.177841</td>\n",
       "    </tr>\n",
       "    <tr>\n",
       "      <th>Menu Knowledge</th>\n",
       "      <td>0.327098</td>\n",
       "      <td>0.354547</td>\n",
       "      <td>0.398977</td>\n",
       "      <td>1.000000</td>\n",
       "      <td>0.273993</td>\n",
       "      <td>0.301046</td>\n",
       "      <td>0.273816</td>\n",
       "      <td>0.321813</td>\n",
       "      <td>0.615114</td>\n",
       "      <td>0.154190</td>\n",
       "    </tr>\n",
       "    <tr>\n",
       "      <th>Payment Processing</th>\n",
       "      <td>0.495323</td>\n",
       "      <td>0.399284</td>\n",
       "      <td>0.281230</td>\n",
       "      <td>0.273993</td>\n",
       "      <td>1.000000</td>\n",
       "      <td>0.363319</td>\n",
       "      <td>0.271575</td>\n",
       "      <td>0.186591</td>\n",
       "      <td>0.209721</td>\n",
       "      <td>0.543625</td>\n",
       "    </tr>\n",
       "    <tr>\n",
       "      <th>Prise de commande</th>\n",
       "      <td>0.578902</td>\n",
       "      <td>0.384069</td>\n",
       "      <td>0.274963</td>\n",
       "      <td>0.301046</td>\n",
       "      <td>0.363319</td>\n",
       "      <td>1.000000</td>\n",
       "      <td>0.475793</td>\n",
       "      <td>0.357936</td>\n",
       "      <td>0.444701</td>\n",
       "      <td>0.410582</td>\n",
       "    </tr>\n",
       "    <tr>\n",
       "      <th>Service à la clientèle</th>\n",
       "      <td>0.256304</td>\n",
       "      <td>0.687007</td>\n",
       "      <td>0.221685</td>\n",
       "      <td>0.273816</td>\n",
       "      <td>0.271575</td>\n",
       "      <td>0.475793</td>\n",
       "      <td>1.000000</td>\n",
       "      <td>0.349093</td>\n",
       "      <td>0.367683</td>\n",
       "      <td>0.405211</td>\n",
       "    </tr>\n",
       "    <tr>\n",
       "      <th>Dressage de la table</th>\n",
       "      <td>0.244786</td>\n",
       "      <td>0.199000</td>\n",
       "      <td>0.616788</td>\n",
       "      <td>0.321813</td>\n",
       "      <td>0.186591</td>\n",
       "      <td>0.357936</td>\n",
       "      <td>0.349093</td>\n",
       "      <td>1.000000</td>\n",
       "      <td>0.461498</td>\n",
       "      <td>0.311093</td>\n",
       "    </tr>\n",
       "    <tr>\n",
       "      <th>Connaissance des menus</th>\n",
       "      <td>0.260969</td>\n",
       "      <td>0.246542</td>\n",
       "      <td>0.360429</td>\n",
       "      <td>0.615114</td>\n",
       "      <td>0.209721</td>\n",
       "      <td>0.444701</td>\n",
       "      <td>0.367683</td>\n",
       "      <td>0.461498</td>\n",
       "      <td>1.000000</td>\n",
       "      <td>0.281665</td>\n",
       "    </tr>\n",
       "    <tr>\n",
       "      <th>Traitement des paiements</th>\n",
       "      <td>0.300437</td>\n",
       "      <td>0.235142</td>\n",
       "      <td>0.177841</td>\n",
       "      <td>0.154190</td>\n",
       "      <td>0.543625</td>\n",
       "      <td>0.410582</td>\n",
       "      <td>0.405211</td>\n",
       "      <td>0.311093</td>\n",
       "      <td>0.281665</td>\n",
       "      <td>1.000000</td>\n",
       "    </tr>\n",
       "  </tbody>\n",
       "</table>\n",
       "</div>"
      ],
      "text/plain": [
       "                          Order Taking  Customer Service  Table Setting  \\\n",
       "Order Taking                  1.000000          0.374106       0.352848   \n",
       "Customer Service              0.374106          1.000000       0.282710   \n",
       "Table Setting                 0.352848          0.282710       1.000000   \n",
       "Menu Knowledge                0.327098          0.354547       0.398977   \n",
       "Payment Processing            0.495323          0.399284       0.281230   \n",
       "Prise de commande             0.578902          0.384069       0.274963   \n",
       "Service à la clientèle        0.256304          0.687007       0.221685   \n",
       "Dressage de la table          0.244786          0.199000       0.616788   \n",
       "Connaissance des menus        0.260969          0.246542       0.360429   \n",
       "Traitement des paiements      0.300437          0.235142       0.177841   \n",
       "\n",
       "                          Menu Knowledge  Payment Processing  \\\n",
       "Order Taking                    0.327098            0.495323   \n",
       "Customer Service                0.354547            0.399284   \n",
       "Table Setting                   0.398977            0.281230   \n",
       "Menu Knowledge                  1.000000            0.273993   \n",
       "Payment Processing              0.273993            1.000000   \n",
       "Prise de commande               0.301046            0.363319   \n",
       "Service à la clientèle          0.273816            0.271575   \n",
       "Dressage de la table            0.321813            0.186591   \n",
       "Connaissance des menus          0.615114            0.209721   \n",
       "Traitement des paiements        0.154190            0.543625   \n",
       "\n",
       "                          Prise de commande  Service à la clientèle  \\\n",
       "Order Taking                       0.578902                0.256304   \n",
       "Customer Service                   0.384069                0.687007   \n",
       "Table Setting                      0.274963                0.221685   \n",
       "Menu Knowledge                     0.301046                0.273816   \n",
       "Payment Processing                 0.363319                0.271575   \n",
       "Prise de commande                  1.000000                0.475793   \n",
       "Service à la clientèle             0.475793                1.000000   \n",
       "Dressage de la table               0.357936                0.349093   \n",
       "Connaissance des menus             0.444701                0.367683   \n",
       "Traitement des paiements           0.410582                0.405211   \n",
       "\n",
       "                          Dressage de la table  Connaissance des menus  \\\n",
       "Order Taking                          0.244786                0.260969   \n",
       "Customer Service                      0.199000                0.246542   \n",
       "Table Setting                         0.616788                0.360429   \n",
       "Menu Knowledge                        0.321813                0.615114   \n",
       "Payment Processing                    0.186591                0.209721   \n",
       "Prise de commande                     0.357936                0.444701   \n",
       "Service à la clientèle                0.349093                0.367683   \n",
       "Dressage de la table                  1.000000                0.461498   \n",
       "Connaissance des menus                0.461498                1.000000   \n",
       "Traitement des paiements              0.311093                0.281665   \n",
       "\n",
       "                          Traitement des paiements  \n",
       "Order Taking                              0.300437  \n",
       "Customer Service                          0.235142  \n",
       "Table Setting                             0.177841  \n",
       "Menu Knowledge                            0.154190  \n",
       "Payment Processing                        0.543625  \n",
       "Prise de commande                         0.410582  \n",
       "Service à la clientèle                    0.405211  \n",
       "Dressage de la table                      0.311093  \n",
       "Connaissance des menus                    0.281665  \n",
       "Traitement des paiements                  1.000000  "
      ]
     },
     "execution_count": 49,
     "metadata": {},
     "output_type": "execute_result"
    }
   ],
   "source": [
    "waiter_all_skills = waiter_skills + waiter_skills_fr\n",
    "waiter_all_embeddings = fetch_embeddings(waiter_all_skills)\n",
    "waiter_all_similarity_matrix = compute_similarity_matrix(waiter_all_embeddings)\n",
    "waiter_all_similarity_df = pd.DataFrame(waiter_all_similarity_matrix, index=waiter_all_skills, columns=waiter_all_skills)\n",
    "waiter_all_similarity_df"
   ]
  },
  {
   "cell_type": "code",
   "execution_count": 50,
   "metadata": {},
   "outputs": [
    {
     "data": {
      "text/html": [
       "<div>\n",
       "<style scoped>\n",
       "    .dataframe tbody tr th:only-of-type {\n",
       "        vertical-align: middle;\n",
       "    }\n",
       "\n",
       "    .dataframe tbody tr th {\n",
       "        vertical-align: top;\n",
       "    }\n",
       "\n",
       "    .dataframe thead th {\n",
       "        text-align: right;\n",
       "    }\n",
       "</style>\n",
       "<table border=\"1\" class=\"dataframe\">\n",
       "  <thead>\n",
       "    <tr style=\"text-align: right;\">\n",
       "      <th></th>\n",
       "      <th>Order Taking</th>\n",
       "      <th>Customer Service</th>\n",
       "      <th>Table Setting</th>\n",
       "      <th>Menu Knowledge</th>\n",
       "      <th>Payment Processing</th>\n",
       "      <th>Food Preparation</th>\n",
       "      <th>Grilling</th>\n",
       "      <th>Baking</th>\n",
       "      <th>Food Safety</th>\n",
       "      <th>Recipe Knowledge</th>\n",
       "      <th>waiter skill</th>\n",
       "      <th>cook skill</th>\n",
       "    </tr>\n",
       "  </thead>\n",
       "  <tbody>\n",
       "    <tr>\n",
       "      <th>Order Taking</th>\n",
       "      <td>1.000000</td>\n",
       "      <td>0.374106</td>\n",
       "      <td>0.352848</td>\n",
       "      <td>0.327098</td>\n",
       "      <td>0.495323</td>\n",
       "      <td>0.292834</td>\n",
       "      <td>0.223171</td>\n",
       "      <td>0.303338</td>\n",
       "      <td>0.218493</td>\n",
       "      <td>0.272129</td>\n",
       "      <td>0.249750</td>\n",
       "      <td>0.166917</td>\n",
       "    </tr>\n",
       "    <tr>\n",
       "      <th>Customer Service</th>\n",
       "      <td>0.374106</td>\n",
       "      <td>1.000000</td>\n",
       "      <td>0.282710</td>\n",
       "      <td>0.354547</td>\n",
       "      <td>0.399284</td>\n",
       "      <td>0.293929</td>\n",
       "      <td>0.202954</td>\n",
       "      <td>0.226900</td>\n",
       "      <td>0.367765</td>\n",
       "      <td>0.257861</td>\n",
       "      <td>0.294733</td>\n",
       "      <td>0.174734</td>\n",
       "    </tr>\n",
       "    <tr>\n",
       "      <th>Table Setting</th>\n",
       "      <td>0.352848</td>\n",
       "      <td>0.282710</td>\n",
       "      <td>1.000000</td>\n",
       "      <td>0.398977</td>\n",
       "      <td>0.281230</td>\n",
       "      <td>0.447974</td>\n",
       "      <td>0.327581</td>\n",
       "      <td>0.336476</td>\n",
       "      <td>0.299684</td>\n",
       "      <td>0.341704</td>\n",
       "      <td>0.369403</td>\n",
       "      <td>0.269312</td>\n",
       "    </tr>\n",
       "    <tr>\n",
       "      <th>Menu Knowledge</th>\n",
       "      <td>0.327098</td>\n",
       "      <td>0.354547</td>\n",
       "      <td>0.398977</td>\n",
       "      <td>1.000000</td>\n",
       "      <td>0.273993</td>\n",
       "      <td>0.385549</td>\n",
       "      <td>0.276904</td>\n",
       "      <td>0.283433</td>\n",
       "      <td>0.347700</td>\n",
       "      <td>0.476252</td>\n",
       "      <td>0.374082</td>\n",
       "      <td>0.325779</td>\n",
       "    </tr>\n",
       "    <tr>\n",
       "      <th>Payment Processing</th>\n",
       "      <td>0.495323</td>\n",
       "      <td>0.399284</td>\n",
       "      <td>0.281230</td>\n",
       "      <td>0.273993</td>\n",
       "      <td>1.000000</td>\n",
       "      <td>0.335878</td>\n",
       "      <td>0.221781</td>\n",
       "      <td>0.328363</td>\n",
       "      <td>0.260654</td>\n",
       "      <td>0.250696</td>\n",
       "      <td>0.185728</td>\n",
       "      <td>0.140668</td>\n",
       "    </tr>\n",
       "    <tr>\n",
       "      <th>Food Preparation</th>\n",
       "      <td>0.292834</td>\n",
       "      <td>0.293929</td>\n",
       "      <td>0.447974</td>\n",
       "      <td>0.385549</td>\n",
       "      <td>0.335878</td>\n",
       "      <td>1.000000</td>\n",
       "      <td>0.449550</td>\n",
       "      <td>0.502635</td>\n",
       "      <td>0.570306</td>\n",
       "      <td>0.481202</td>\n",
       "      <td>0.335524</td>\n",
       "      <td>0.492881</td>\n",
       "    </tr>\n",
       "    <tr>\n",
       "      <th>Grilling</th>\n",
       "      <td>0.223171</td>\n",
       "      <td>0.202954</td>\n",
       "      <td>0.327581</td>\n",
       "      <td>0.276904</td>\n",
       "      <td>0.221781</td>\n",
       "      <td>0.449550</td>\n",
       "      <td>1.000000</td>\n",
       "      <td>0.523054</td>\n",
       "      <td>0.328309</td>\n",
       "      <td>0.329870</td>\n",
       "      <td>0.237462</td>\n",
       "      <td>0.391475</td>\n",
       "    </tr>\n",
       "    <tr>\n",
       "      <th>Baking</th>\n",
       "      <td>0.303338</td>\n",
       "      <td>0.226900</td>\n",
       "      <td>0.336476</td>\n",
       "      <td>0.283433</td>\n",
       "      <td>0.328363</td>\n",
       "      <td>0.502635</td>\n",
       "      <td>0.523054</td>\n",
       "      <td>1.000000</td>\n",
       "      <td>0.323535</td>\n",
       "      <td>0.457928</td>\n",
       "      <td>0.247572</td>\n",
       "      <td>0.438859</td>\n",
       "    </tr>\n",
       "    <tr>\n",
       "      <th>Food Safety</th>\n",
       "      <td>0.218493</td>\n",
       "      <td>0.367765</td>\n",
       "      <td>0.299684</td>\n",
       "      <td>0.347700</td>\n",
       "      <td>0.260654</td>\n",
       "      <td>0.570306</td>\n",
       "      <td>0.328309</td>\n",
       "      <td>0.323535</td>\n",
       "      <td>1.000000</td>\n",
       "      <td>0.365991</td>\n",
       "      <td>0.231180</td>\n",
       "      <td>0.317340</td>\n",
       "    </tr>\n",
       "    <tr>\n",
       "      <th>Recipe Knowledge</th>\n",
       "      <td>0.272129</td>\n",
       "      <td>0.257861</td>\n",
       "      <td>0.341704</td>\n",
       "      <td>0.476252</td>\n",
       "      <td>0.250696</td>\n",
       "      <td>0.481202</td>\n",
       "      <td>0.329870</td>\n",
       "      <td>0.457928</td>\n",
       "      <td>0.365991</td>\n",
       "      <td>1.000000</td>\n",
       "      <td>0.361720</td>\n",
       "      <td>0.505761</td>\n",
       "    </tr>\n",
       "    <tr>\n",
       "      <th>waiter skill</th>\n",
       "      <td>0.249750</td>\n",
       "      <td>0.294733</td>\n",
       "      <td>0.369403</td>\n",
       "      <td>0.374082</td>\n",
       "      <td>0.185728</td>\n",
       "      <td>0.335524</td>\n",
       "      <td>0.237462</td>\n",
       "      <td>0.247572</td>\n",
       "      <td>0.231180</td>\n",
       "      <td>0.361720</td>\n",
       "      <td>1.000000</td>\n",
       "      <td>0.434813</td>\n",
       "    </tr>\n",
       "    <tr>\n",
       "      <th>cook skill</th>\n",
       "      <td>0.166917</td>\n",
       "      <td>0.174734</td>\n",
       "      <td>0.269312</td>\n",
       "      <td>0.325779</td>\n",
       "      <td>0.140668</td>\n",
       "      <td>0.492881</td>\n",
       "      <td>0.391475</td>\n",
       "      <td>0.438859</td>\n",
       "      <td>0.317340</td>\n",
       "      <td>0.505761</td>\n",
       "      <td>0.434813</td>\n",
       "      <td>1.000000</td>\n",
       "    </tr>\n",
       "  </tbody>\n",
       "</table>\n",
       "</div>"
      ],
      "text/plain": [
       "                    Order Taking  Customer Service  Table Setting  \\\n",
       "Order Taking            1.000000          0.374106       0.352848   \n",
       "Customer Service        0.374106          1.000000       0.282710   \n",
       "Table Setting           0.352848          0.282710       1.000000   \n",
       "Menu Knowledge          0.327098          0.354547       0.398977   \n",
       "Payment Processing      0.495323          0.399284       0.281230   \n",
       "Food Preparation        0.292834          0.293929       0.447974   \n",
       "Grilling                0.223171          0.202954       0.327581   \n",
       "Baking                  0.303338          0.226900       0.336476   \n",
       "Food Safety             0.218493          0.367765       0.299684   \n",
       "Recipe Knowledge        0.272129          0.257861       0.341704   \n",
       "waiter skill            0.249750          0.294733       0.369403   \n",
       "cook skill              0.166917          0.174734       0.269312   \n",
       "\n",
       "                    Menu Knowledge  Payment Processing  Food Preparation  \\\n",
       "Order Taking              0.327098            0.495323          0.292834   \n",
       "Customer Service          0.354547            0.399284          0.293929   \n",
       "Table Setting             0.398977            0.281230          0.447974   \n",
       "Menu Knowledge            1.000000            0.273993          0.385549   \n",
       "Payment Processing        0.273993            1.000000          0.335878   \n",
       "Food Preparation          0.385549            0.335878          1.000000   \n",
       "Grilling                  0.276904            0.221781          0.449550   \n",
       "Baking                    0.283433            0.328363          0.502635   \n",
       "Food Safety               0.347700            0.260654          0.570306   \n",
       "Recipe Knowledge          0.476252            0.250696          0.481202   \n",
       "waiter skill              0.374082            0.185728          0.335524   \n",
       "cook skill                0.325779            0.140668          0.492881   \n",
       "\n",
       "                    Grilling    Baking  Food Safety  Recipe Knowledge  \\\n",
       "Order Taking        0.223171  0.303338     0.218493          0.272129   \n",
       "Customer Service    0.202954  0.226900     0.367765          0.257861   \n",
       "Table Setting       0.327581  0.336476     0.299684          0.341704   \n",
       "Menu Knowledge      0.276904  0.283433     0.347700          0.476252   \n",
       "Payment Processing  0.221781  0.328363     0.260654          0.250696   \n",
       "Food Preparation    0.449550  0.502635     0.570306          0.481202   \n",
       "Grilling            1.000000  0.523054     0.328309          0.329870   \n",
       "Baking              0.523054  1.000000     0.323535          0.457928   \n",
       "Food Safety         0.328309  0.323535     1.000000          0.365991   \n",
       "Recipe Knowledge    0.329870  0.457928     0.365991          1.000000   \n",
       "waiter skill        0.237462  0.247572     0.231180          0.361720   \n",
       "cook skill          0.391475  0.438859     0.317340          0.505761   \n",
       "\n",
       "                    waiter skill  cook skill  \n",
       "Order Taking            0.249750    0.166917  \n",
       "Customer Service        0.294733    0.174734  \n",
       "Table Setting           0.369403    0.269312  \n",
       "Menu Knowledge          0.374082    0.325779  \n",
       "Payment Processing      0.185728    0.140668  \n",
       "Food Preparation        0.335524    0.492881  \n",
       "Grilling                0.237462    0.391475  \n",
       "Baking                  0.247572    0.438859  \n",
       "Food Safety             0.231180    0.317340  \n",
       "Recipe Knowledge        0.361720    0.505761  \n",
       "waiter skill            1.000000    0.434813  \n",
       "cook skill              0.434813    1.000000  "
      ]
     },
     "execution_count": 50,
     "metadata": {},
     "output_type": "execute_result"
    }
   ],
   "source": [
    "all_skills = waiter_skills + cook_skills + [\"waiter skill\", \"cook skill\"]\n",
    "all_embeddings = fetch_embeddings(all_skills)\n",
    "all_similarity_matrix = compute_similarity_matrix(all_embeddings)\n",
    "all_similarity_df = pd.DataFrame(all_similarity_matrix, index=all_skills, columns=all_skills)\n",
    "all_similarity_df"
   ]
  },
  {
   "cell_type": "code",
   "execution_count": 54,
   "metadata": {},
   "outputs": [
    {
     "data": {
      "text/html": [
       "<div>\n",
       "<style scoped>\n",
       "    .dataframe tbody tr th:only-of-type {\n",
       "        vertical-align: middle;\n",
       "    }\n",
       "\n",
       "    .dataframe tbody tr th {\n",
       "        vertical-align: top;\n",
       "    }\n",
       "\n",
       "    .dataframe thead th {\n",
       "        text-align: right;\n",
       "    }\n",
       "</style>\n",
       "<table border=\"1\" class=\"dataframe\">\n",
       "  <thead>\n",
       "    <tr style=\"text-align: right;\">\n",
       "      <th></th>\n",
       "      <th>Order Taking</th>\n",
       "      <th>Customer Service</th>\n",
       "      <th>Table Setting</th>\n",
       "      <th>Menu Knowledge</th>\n",
       "      <th>Payment Processing</th>\n",
       "      <th>Prise de commande</th>\n",
       "      <th>Service à la clientèle</th>\n",
       "      <th>Dressage de la table</th>\n",
       "      <th>Connaissance des menus</th>\n",
       "      <th>Traitement des paiements</th>\n",
       "      <th>...</th>\n",
       "      <th>Baking</th>\n",
       "      <th>Food Safety</th>\n",
       "      <th>Recipe Knowledge</th>\n",
       "      <th>Préparation des aliments</th>\n",
       "      <th>grillades</th>\n",
       "      <th>pâtisserie</th>\n",
       "      <th>sécurité alimentaire</th>\n",
       "      <th>connaissance des recettes</th>\n",
       "      <th>waiter skill</th>\n",
       "      <th>cook skill</th>\n",
       "    </tr>\n",
       "  </thead>\n",
       "  <tbody>\n",
       "    <tr>\n",
       "      <th>Order Taking</th>\n",
       "      <td>1.000000</td>\n",
       "      <td>0.374006</td>\n",
       "      <td>0.352815</td>\n",
       "      <td>0.327086</td>\n",
       "      <td>0.495276</td>\n",
       "      <td>0.578827</td>\n",
       "      <td>0.256233</td>\n",
       "      <td>0.244766</td>\n",
       "      <td>0.260914</td>\n",
       "      <td>0.300332</td>\n",
       "      <td>...</td>\n",
       "      <td>0.303305</td>\n",
       "      <td>0.218536</td>\n",
       "      <td>0.272109</td>\n",
       "      <td>0.181932</td>\n",
       "      <td>0.095885</td>\n",
